1	10/11/2020	0001000	10
1	10/11/2020	0001001	8 
2	17/11/2020	0001001	9 
2	17/11/2020	0001000	7 
1	10/11/2020	0001002	6 
1	10/11/2020	0001003	4 
1	10/11/2020	0001004	3 
1	10/11/2020	0001005	10 
1	10/11/2020	0001006	9 
1	10/11/2020	0001007	8 
1	10/11/2020	0001008	9 
1	10/11/2020	0001009	4 
1	10/11/2020	0001010	5 
1	10/11/2020	0001011	1 
2	17/11/2020	0001002	6 
2	17/11/2020	0001003	4 
2	17/11/2020	0001004	4 
2	17/11/2020	0001005	10 
2	17/11/2020	0001006	8 
2	17/11/2020	0001007	9 
2	17/11/2020	0001008	1 
2	17/11/2020	0001009	9 
2	17/11/2020	0001010	7 
2	17/11/2020	0001011	8 
1	10/11/2020	0001012	7 
1	10/11/2020	0001013	10 
2	17/11/2020	0001012	5 
2	17/11/2020	0001013	5 
2	17/11/2020	0001014	8 
1	10/11/2020	0001014	9 